# Bin	Media	Dev_Std
0	0.241283	0.047567
1	0.280873	0.058632
2	0.329026	0.068154
3	0.384462	0.075825
4	0.445710	0.081407
5	0.511142	0.084725
6	0.579023	0.085671
7	0.647553	0.084196
8	0.714914	0.080319
9	0.779322	0.074124
10	0.839070	0.065762
11	0.892578	0.055454
12	0.938430	0.043511
13	0.975415	0.030405
14	1.002559	0.017260
15	1.019148	0.010562
16	1.024749	0.020526
17	1.019220	0.035123
18	1.002715	0.050033
19	0.975681	0.064314
20	0.938841	0.077445
21	0.893178	0.089021
22	0.839911	0.098699
23	0.780456	0.106194
24	0.716395	0.111281
25	0.649430	0.113797
26	0.581337	0.113646
27	0.513923	0.110804
28	0.448975	0.105322
29	0.388210	0.097324
30	0.333237	0.087018
31	0.285506	0.074695
32	0.246276	0.060762
33	0.216578	0.045828
34	0.197189	0.031084
35	0.188612	0.020186
36	0.191064	0.021984
37	0.204467	0.034468
38	0.228454	0.049499
39	0.262377	0.064333
40	0.305326	0.077949
41	0.356151	0.089752
42	0.413497	0.099311
43	0.475834	0.106297
44	0.541506	0.110464
45	0.608766	0.111654
46	0.675831	0.109790
47	0.740922	0.104883
48	0.802318	0.097038
49	0.858396	0.086458
50	0.907676	0.073457
51	0.948863	0.058518
52	0.980875	0.042478
53	1.002878	0.027450
54	1.014303	0.020925
55	1.014863	0.030868
56	1.004558	0.048064
57	0.983680	0.066585
58	0.952797	0.084638
59	0.912744	0.101347
60	0.864596	0.116099
61	0.809644	0.128409
62	0.749354	0.137883
63	0.685334	0.144217
64	0.619286	0.147193
65	0.552965	0.146692
66	0.488129	0.142689
67	0.426495	0.135267
68	0.369689	0.124615
69	0.319209	0.111041
70	0.276382	0.094996
71	0.242329	0.077141
72	0.217936	0.058568
73	0.203832	0.041604
74	0.200372	0.032240
75	0.207626	0.037944
76	0.225381	0.053872
77	0.253147	0.072697
78	0.290167	0.091358
79	0.335442	0.108484
80	0.387754	0.123256
81	0.445704	0.135090
82	0.507742	0.143556
83	0.572216	0.148347
84	0.637412	0.149272
85	0.701600	0.146262
86	0.763081	0.139369
87	0.820230	0.128775
88	0.871543	0.114808
89	0.915672	0.097978
90	0.951463	0.079088
91	0.977988	0.059591
92	0.994563	0.042873
93	1.000772	0.037047
94	0.996475	0.047820
95	0.981812	0.067615
96	0.957194	0.089852
97	0.923299	0.111824
98	0.881048	0.132181
99	0.831582	0.150044
