# Bin	Media	Dev_Std
0	0.230838	0.041859
1	0.278330	0.038028
2	0.330788	0.052047
3	0.378661	0.048454
4	0.444870	0.060027
5	0.523683	0.066243
6	0.583144	0.065457
7	0.652917	0.056068
8	0.715051	0.063578
9	0.778713	0.066896
10	0.831298	0.068318
11	0.905273	0.081378
12	0.963078	0.071120
13	0.972882	0.080604
14	0.993254	0.076155
15	1.032470	0.064178
16	1.033998	0.077877
17	1.003567	0.071071
18	1.001912	0.074925
19	0.997074	0.077812
20	0.921189	0.076227
21	0.875225	0.065917
22	0.837282	0.081400
23	0.796921	0.055801
24	0.707412	0.072425
25	0.642222	0.064618
26	0.574486	0.067284
27	0.507895	0.063666
28	0.442833	0.054988
29	0.377643	0.042524
30	0.314872	0.041163
31	0.273619	0.037759
32	0.227146	0.049810
33	0.194551	0.035012
34	0.178508	0.035399
35	0.174688	0.030349
36	0.175834	0.033732
37	0.186530	0.037192
38	0.215432	0.034551
39	0.255539	0.037663
40	0.286988	0.039835
41	0.354215	0.052090
42	0.420678	0.047090
43	0.476828	0.047286
44	0.544947	0.053944
45	0.636874	0.063470
46	0.687804	0.069691
47	0.745736	0.080678
48	0.825950	0.080434
49	0.894960	0.072854
50	0.919661	0.078469
51	0.960150	0.084050
52	0.990962	0.063184
53	1.021138	0.076670
54	1.041892	0.095124
55	1.024194	0.065860
56	1.005477	0.080742
57	0.990708	0.072181
58	0.967535	0.073081
59	0.920680	0.073285
60	0.855744	0.063485
61	0.797812	0.077860
62	0.719762	0.073113
63	0.672780	0.073457
64	0.591929	0.051365
65	0.538580	0.052078
66	0.458366	0.062583
67	0.407564	0.050119
68	0.337281	0.048005
69	0.282023	0.041046
70	0.239624	0.038128
71	0.208939	0.030496
72	0.193787	0.032838
73	0.182965	0.034678
74	0.180800	0.034776
75	0.181055	0.029647
76	0.212631	0.041746
77	0.236441	0.041610
78	0.282023	0.039884
79	0.325695	0.041402
80	0.372041	0.044748
81	0.439140	0.057119
82	0.512097	0.056443
83	0.585690	0.063878
84	0.651517	0.070012
85	0.736569	0.064651
86	0.799212	0.069834
87	0.841484	0.080059
88	0.911640	0.067865
89	0.942325	0.070988
90	0.991217	0.080378
91	1.017191	0.078790
92	1.024958	0.087835
93	1.035271	0.070454
94	1.044311	0.084993
95	0.987907	0.065812
96	0.971354	0.068021
97	0.925772	0.068235
98	0.894196	0.070722
99	0.823277	0.071158
