# Bin	Media	Dev_Std
0	0.234021	0.054042
1	0.274383	0.063090
2	0.329260	0.057296
3	0.376370	0.064743
4	0.442196	0.075532
5	0.523938	0.079210
6	0.562390	0.085758
7	0.663230	0.087462
8	0.722691	0.104439
9	0.763307	0.106025
10	0.838174	0.077789
11	0.895851	0.090508
12	0.938760	0.081807
13	0.979249	0.086240
14	1.012607	0.083467
15	1.040109	0.079073
16	1.038836	0.071672
17	1.029796	0.084846
18	1.011207	0.102607
19	0.985105	0.085495
20	0.947927	0.081510
21	0.897761	0.095675
22	0.853962	0.090883
23	0.773111	0.107347
24	0.697863	0.107405
25	0.648843	0.078641
26	0.579706	0.094232
27	0.500256	0.099395
28	0.438122	0.080039
29	0.398015	0.073916
30	0.323530	0.067718
31	0.276548	0.062013
32	0.243061	0.049176
33	0.204228	0.043697
34	0.182201	0.034867
35	0.177490	0.033046
36	0.181437	0.035291
37	0.198116	0.035391
38	0.228037	0.046846
39	0.248282	0.048013
40	0.294882	0.059099
41	0.348868	0.073463
42	0.413294	0.069597
43	0.476828	0.088013
44	0.559461	0.095524
45	0.606699	0.101766
46	0.688823	0.101819
47	0.752994	0.100554
48	0.824423	0.102985
49	0.867585	0.098584
50	0.920552	0.084111
51	0.959513	0.080588
52	0.988034	0.093763
53	0.997456	0.077306
54	1.021138	0.082682
55	1.016554	0.084327
56	0.998856	0.072017
57	0.996692	0.075134
58	0.969063	0.079771
59	0.909602	0.092146
60	0.866058	0.097749
61	0.808125	0.102742
62	0.751593	0.128631
63	0.682456	0.116548
64	0.611919	0.118955
65	0.532469	0.105524
66	0.461422	0.110598
67	0.411384	0.105824
68	0.356634	0.101624
69	0.292718	0.082442
70	0.253502	0.077172
71	0.220270	0.061617
72	0.204992	0.049082
73	0.190349	0.044184
74	0.182583	0.036403
75	0.187294	0.040023
76	0.218106	0.053986
77	0.233894	0.065653
78	0.288643	0.068194
79	0.329005	0.089711
80	0.393558	0.099286
81	0.442451	0.108175
82	0.508914	0.108326
83	0.568247	0.115926
84	0.646296	0.116334
85	0.722181	0.100418
86	0.763180	0.104209
87	0.836136	0.124918
88	0.890376	0.109979
89	0.948945	0.081252
90	0.970463	0.109500
91	1.014645	0.059610
92	1.023685	0.083093
93	1.007769	0.089646
94	1.015791	0.077051
95	0.988925	0.101001
96	0.947418	0.109318
97	0.918515	0.094675
98	0.893050	0.110053
99	0.806725	0.105433
