# Bin	Media	Dev_Std
0	0.237383	0.039276
1	0.271435	0.038350
2	0.314248	0.048174
3	0.383635	0.048306
4	0.448022	0.055681
5	0.497502	0.056601
6	0.585193	0.065265
7	0.640444	0.068897
8	0.724748	0.068295
9	0.792541	0.066160
10	0.844826	0.082528
11	0.909894	0.070733
12	0.957232	0.072561
13	0.984041	0.086451
14	1.014096	0.077861
15	1.024976	0.096914
16	1.022565	0.088102
17	1.034275	0.072246
18	1.023642	0.077030
19	0.985430	0.068906
20	0.941251	0.075226
21	0.908880	0.076366
22	0.843775	0.065579
23	0.762413	0.071775
24	0.692946	0.070367
25	0.630559	0.065536
26	0.563303	0.052403
27	0.510740	0.047271
28	0.434438	0.055525
29	0.366951	0.049287
30	0.311863	0.045432
31	0.266195	0.039918
32	0.226801	0.038150
33	0.198905	0.036885
34	0.179431	0.035646
35	0.169920	0.032488
36	0.181936	0.030261
37	0.193669	0.035178
38	0.222452	0.031497
39	0.261489	0.037121
40	0.292082	0.039877
41	0.350924	0.052472
42	0.403515	0.060895
43	0.475338	0.052049
44	0.538993	0.059646
45	0.613415	0.077312
46	0.675572	0.059479
47	0.751637	0.061886
48	0.825234	0.074093
49	0.872650	0.088154
50	0.916955	0.077472
51	0.944764	0.079833
52	1.024094	0.087033
53	1.031642	0.083546
54	1.036671	0.067042
55	1.044354	0.094960
56	1.017122	0.078058
57	0.983161	0.068950
58	0.973217	0.072563
59	0.904093	0.064176
60	0.867748	0.078222
61	0.809090	0.067209
62	0.754505	0.063723
63	0.674577	0.068946
64	0.608138	0.053543
65	0.516403	0.059811
66	0.484358	0.062485
67	0.405645	0.051708
68	0.343494	0.041846
69	0.290555	0.037243
70	0.240609	0.033481
71	0.216788	0.039758
72	0.191766	0.035876
73	0.178852	0.031856
74	0.178795	0.033716
75	0.180802	0.031368
76	0.205153	0.031711
77	0.227944	0.041528
78	0.288561	0.045360
79	0.328892	0.049627
80	0.390622	0.044847
81	0.457039	0.060205
82	0.514757	0.050515
83	0.590703	0.065772
84	0.662914	0.059706
85	0.732859	0.067563
86	0.784654	0.069132
87	0.852055	0.067082
88	0.902024	0.071460
89	0.961455	0.081340
90	0.971910	0.075224
91	1.005109	0.080534
92	1.022601	0.079509
93	1.049975	0.082800
94	1.008440	0.075801
95	1.013912	0.068172
96	0.964899	0.071201
97	0.934826	0.078661
98	0.905438	0.065978
99	0.844943	0.061815
