# Bin	Media	Dev_Std
0	0.239242	0.052776
1	0.279731	0.058809
2	0.335371	0.063985
3	0.391394	0.072800
4	0.458112	0.104994
5	0.507131	0.079977
6	0.591165	0.095900
7	0.657246	0.105576
8	0.717598	0.105002
9	0.796666	0.087549
10	0.846832	0.092409
11	0.897125	0.085039
12	0.965243	0.088487
13	0.962696	0.085348
14	0.993763	0.087124
15	1.002549	0.078180
16	1.006114	0.068103
17	1.010570	0.085675
18	0.996437	0.084335
19	0.978485	0.088719
20	0.945762	0.103502
21	0.878026	0.082011
22	0.821367	0.104448
23	0.755922	0.091370
24	0.717089	0.104077
25	0.643877	0.099557
26	0.571812	0.120479
27	0.502038	0.117166
28	0.426663	0.087433
29	0.376242	0.100435
30	0.312326	0.065077
31	0.271073	0.064196
32	0.239878	0.063195
33	0.207665	0.056324
34	0.188057	0.036994
35	0.176471	0.032312
36	0.186912	0.038969
37	0.199007	0.047654
38	0.227528	0.052679
39	0.267126	0.065097
40	0.304177	0.083339
41	0.370258	0.084480
42	0.418896	0.093763
43	0.493380	0.099502
44	0.554623	0.095013
45	0.640821	0.110131
46	0.695316	0.119177
47	0.770310	0.119989
48	0.837028	0.102583
49	0.874079	0.094402
50	0.937232	0.090070
51	0.952638	0.082385
52	0.984851	0.080378
53	1.002931	0.065075
54	1.000894	0.062962
55	1.024321	0.071202
56	1.014263	0.096745
57	0.940033	0.090450
58	0.947545	0.086920
59	0.909348	0.113542
60	0.845813	0.122218
61	0.768527	0.125167
62	0.724601	0.133135
63	0.656864	0.126274
64	0.595621	0.130451
65	0.530814	0.128660
66	0.456202	0.118203
67	0.396487	0.107482
68	0.345175	0.092617
69	0.290171	0.092185
70	0.252611	0.075995
71	0.225491	0.055457
72	0.202318	0.055211
73	0.184874	0.039326
74	0.183983	0.040868
75	0.201426	0.066401
76	0.231093	0.064863
77	0.252865	0.078684
78	0.293864	0.074844
79	0.353069	0.109700
80	0.410620	0.115607
81	0.477592	0.143473
82	0.536416	0.112858
83	0.597786	0.123565
84	0.667432	0.141274
85	0.745609	0.125765
86	0.781896	0.127951
87	0.871278	0.112738
88	0.903236	0.117253
89	0.963970	0.104577
90	0.989052	0.102957
91	1.001021	0.082893
92	1.013626	0.087671
93	1.012989	0.080322
94	0.998729	0.084367
95	0.973901	0.092250
96	0.939523	0.111451
97	0.912913	0.126954
98	0.860837	0.130507
99	0.790427	0.133547
