# Bin	Media	Dev_Std
0	0.231984	0.038790
1	0.272219	0.038757
2	0.328368	0.041279
3	0.390375	0.053528
4	0.445888	0.050465
5	0.516426	0.053788
6	0.577032	0.069456
7	0.640185	0.055545
8	0.727274	0.073181
9	0.780241	0.058889
10	0.851543	0.082206
11	0.902345	0.064154
12	0.951619	0.074994
13	0.992236	0.075873
14	1.004331	0.075343
15	1.035780	0.078974
16	1.009806	0.074000
17	1.018974	0.076568
18	1.008406	0.095042
19	0.968935	0.088826
20	0.912658	0.079113
21	0.889103	0.070657
22	0.851925	0.065861
23	0.776421	0.076468
24	0.712250	0.074912
25	0.629999	0.061035
26	0.559589	0.061752
27	0.487905	0.055903
28	0.430737	0.047446
29	0.366948	0.048262
30	0.312962	0.040571
31	0.275402	0.036188
32	0.225491	0.036904
33	0.197989	0.028192
34	0.180291	0.031251
35	0.164630	0.029423
36	0.173415	0.025387
37	0.186784	0.032201
38	0.220525	0.038256
39	0.252356	0.038128
40	0.298829	0.050952
41	0.371277	0.044771
42	0.418896	0.054363
43	0.477592	0.054904
44	0.554878	0.054725
45	0.619049	0.061070
46	0.690605	0.058184
47	0.770310	0.066245
48	0.817292	0.069772
49	0.863766	0.069054
50	0.924754	0.091857
51	0.970972	0.072286
52	1.000130	0.086442
53	1.007514	0.083315
54	1.008151	0.061864
55	1.033107	0.075359
56	1.029160	0.084865
57	0.985360	0.086807
58	0.955057	0.078317
59	0.920043	0.070204
60	0.861092	0.086822
61	0.795265	0.057941
62	0.742808	0.066153
63	0.666159	0.066535
64	0.606826	0.065673
65	0.530814	0.053927
66	0.452255	0.046241
67	0.395596	0.044799
68	0.325822	0.041271
69	0.287370	0.045446
70	0.249810	0.039214
71	0.214286	0.040616
72	0.181946	0.037858
73	0.172015	0.034318
74	0.174561	0.038220
75	0.185129	0.027803
76	0.206519	0.038915
77	0.238223	0.039616
78	0.279094	0.042216
79	0.314490	0.041824
80	0.383754	0.051089
81	0.438504	0.062202
82	0.508659	0.052346
83	0.597531	0.071777
84	0.654954	0.068821
85	0.716197	0.059479
86	0.791446	0.064238
87	0.846195	0.068552
88	0.907310	0.066602
89	0.956203	0.082289
90	0.981922	0.083894
91	1.019483	0.080305
92	1.048640	0.080668
93	1.054115	0.091939
94	1.044948	0.060382
95	1.008278	0.074252
96	0.970209	0.072183
97	0.925136	0.081303
98	0.900435	0.084497
99	0.849887	0.064008
