# Bin	Media	Dev_Std
0	0.248560	0.038477
1	0.291212	0.046932
2	0.342109	0.054073
3	0.399901	0.059682
4	0.463054	0.063602
5	0.529892	0.065728
6	0.598642	0.066003
7	0.667477	0.064424
8	0.734570	0.061033
9	0.798141	0.055923
10	0.856501	0.049236
11	0.908102	0.041161
12	0.951574	0.031952
13	0.985763	0.021987
14	1.009762	0.012169
15	1.022935	0.007871
16	1.024934	0.015726
17	1.015707	0.026441
18	0.995500	0.037217
19	0.964853	0.047416
20	0.924579	0.056680
21	0.875751	0.064729
22	0.819666	0.071334
23	0.757814	0.076307
24	0.691840	0.079504
25	0.623495	0.080826
26	0.554595	0.080224
27	0.486969	0.077698
28	0.422411	0.073298
29	0.362633	0.067124
30	0.309223	0.059332
31	0.263593	0.050127
32	0.226954	0.039785
33	0.200273	0.028699
34	0.184255	0.017656
35	0.179319	0.009984
36	0.185593	0.014486
37	0.202904	0.025135
38	0.230787	0.036367
39	0.268497	0.047020
40	0.315026	0.056601
41	0.369136	0.064772
42	0.429386	0.071270
43	0.494173	0.075884
44	0.561774	0.078458
45	0.630394	0.078890
46	0.698210	0.077138
47	0.763423	0.073215
48	0.824303	0.067202
49	0.879238	0.059239
50	0.926773	0.049544
51	0.965653	0.038433
52	0.994852	0.026449
53	1.013601	0.015136
54	1.021412	0.012052
55	1.018086	0.022139
56	1.003721	0.035533
57	0.978706	0.049156
58	0.943715	0.062153
59	0.899686	0.074026
60	0.847794	0.084385
61	0.789424	0.092906
62	0.726132	0.099319
63	0.659602	0.103414
64	0.591604	0.105041
65	0.523942	0.104119
66	0.458413	0.100637
67	0.396754	0.094656
68	0.340598	0.086315
69	0.291429	0.075837
70	0.250545	0.063543
71	0.219021	0.049906
72	0.197686	0.035748
73	0.187092	0.023161
74	0.187510	0.018890
75	0.198916	0.027794
76	0.220993	0.041888
77	0.253144	0.056688
78	0.294503	0.070759
79	0.343961	0.083384
80	0.400195	0.094071
81	0.461704	0.102445
82	0.526850	0.108213
83	0.593897	0.111168
84	0.661065	0.111183
85	0.726570	0.108215
86	0.788676	0.102314
87	0.845739	0.093621
88	0.896252	0.082383
89	0.938883	0.068980
90	0.972512	0.054004
91	0.996260	0.038588
92	1.009510	0.025831
93	1.011926	0.024187
94	1.003460	0.036081
95	0.984354	0.052863
96	0.955130	0.070398
97	0.916580	0.087203
98	0.869742	0.102470
99	0.815871	0.115623
