# Bin	Media	Dev_Std
0	0.236744	0.0337247
1	0.275949	0.0382862
2	0.312649	0.0475552
3	0.380504	0.048906
4	0.448044	0.0528594
5	0.50928	0.0580982
6	0.58496	0.0591901
7	0.64477	0.0700119
8	0.74134	0.0639491
9	0.775698	0.0693519
10	0.848952	0.0614816
11	0.899274	0.0812316
12	0.956183	0.0835156
13	0.981882	0.0806297
14	1.00821	0.0789362
15	1.01407	0.0832536
16	1.03332	0.0736559
17	1.03488	0.08244
18	1.0014	0.0814689
19	0.979068	0.0731733
20	0.962389	0.0744061
21	0.900619	0.0823629
22	0.833535	0.0636745
23	0.78257	0.0763477
24	0.725028	0.0669383
25	0.629121	0.0626243
26	0.580978	0.0512961
27	0.515865	0.058134
28	0.443798	0.0420692
29	0.371515	0.0463762
30	0.311705	0.043536
31	0.273338	0.0424455
32	0.243173	0.0374791
33	0.193653	0.0390461
34	0.178214	0.0380002
35	0.178407	0.0266996
36	0.18915	0.0373807
37	0.18797	0.0303544
38	0.215434	0.0351538
39	0.248984	0.0359829
40	0.296562	0.0469573
41	0.352358	0.0431668
42	0.410865	0.0362057
43	0.477287	0.0568201
44	0.535962	0.0627054
45	0.624343	0.0665344
46	0.701194	0.0595466
47	0.771986	0.0730083
48	0.812909	0.0755025
49	0.880838	0.0764858
50	0.900927	0.076729
51	0.986306	0.0638929
52	0.996188	0.0810958
53	1.03131	0.0699348
54	1.02473	0.0697796
55	1.03127	0.0954019
56	1.02942	0.0944504
57	0.983177	0.0706021
58	0.945216	0.0723964
59	0.90031	0.0764417
60	0.852841	0.0667717
61	0.791121	0.0683562
62	0.753992	0.0653334
63	0.679661	0.0641647
64	0.601238	0.0618424
65	0.541554	0.0615305
66	0.456104	0.0544819
67	0.404291	0.0461611
68	0.342301	0.0456399
69	0.299606	0.0420756
70	0.255111	0.0398668
71	0.209689	0.0333596
72	0.187354	0.0412079
73	0.166008	0.0323438
74	0.169208	0.0353671
75	0.183314	0.0363222
76	0.202184	0.0359775
77	0.245383	0.0413993
78	0.28652	0.0432137
79	0.329917	0.0457907
80	0.392563	0.0447397
81	0.462779	0.0518795
82	0.523752	0.0549919
83	0.588635	0.0667418
84	0.638362	0.0715534
85	0.739457	0.073368
86	0.792725	0.0641192
87	0.851953	0.0633075
88	0.886118	0.0671932
89	0.940031	0.0712755
90	0.99426	0.0793359
91	1.01044	0.0711722
92	1.03234	0.0680261
93	1.02985	0.0801033
94	1.02462	0.0736824
95	0.995505	0.0774114
96	0.982669	0.0832702
97	0.952148	0.0738992
98	0.88116	0.0738742
99	0.82535	0.0628887
